0,9285,9435,8585,8893,10600,6954,8293,7492,9822,15933,14226,18864,19095,17603,11416,12829,12628,13363,9815,6287,7296,6347,8065,6497,8857,9044,10290,6457,7315
9285,0,4088,3062,3240,8267,7717,6292,7795,7980,16338,15576,19742,18356,18830,11264,12964,14175,14689,11120,7009,8831,8457,6825,7638,8937,8286,10124,8432,8279
9435,4088,0,3946,4155,7313,7781,6748,8120,8336,15083,15011,17944,17283,17742,11406,11969,13794,13676,10197,6884,8158,7024,6473,6765,8236,7113,8397,8000,7749
8585,3062,3946,0,2790,7277,7478,5890,7287,7275,15646,14784,18924,18047,17530,10296,11645,12468,13152,9792,5892,7476,6911,5687,6169,7342,6950,7810,6864,6435
8893,3240,4155,2790,0,8979,7311,6413,7253,8048,16910,15642,19699,18977,19140,11417,13627,13867,14879,11029,6962,8430,7933,6966,7367,9317,8636,10122,8134,7982
10600,8267,7313,7277,8979,0,6796,6118,6045,5767,11421,11437,15220,14068,13303,8969,7605,10726,10683,7595,8778,7105,7512,7127,7524,5639,6390,6458,6707,7252
6954,7717,7781,7478,7311,6796,0,3892,2915,4719,12321,10754,13704,14914,12799,8102,10024,10291,10523,6863,6016,4868,5695,6393,6630,6597,6458,7055,4355,5489
8293,6292,6748,5890,6413,6118,3892,0,3248,2901,12444,11295,15034,13774,14011,7737,9640,10511,11618,7910,6478,6422,7090,5986,7181,6591,5738,7487,5874,6084
7492,7795,8120,7287,7253,6045,2915,3248,0,3757,12327,11224,13726,14823,13438,7839,9363,9344,10770,6681,6295,5265,6550,6295,7040,6658,6083,6800,4772,6045
9822,7980,8336,7275,8048,5767,4719,2901,3757,0,12516,11394,15164,14399,13356,7220,9080,9886,11075,7184,7704,6471,7543,6295,7710,7015,6125,7711,6242,6883
15933,16338,15083,15646,16910,11421,12321,12444,12327,12516,0,5198,7598,5215,5869,13301,12310,15334,12873,11219,14534,11571,11740,12568,12784,12046,12014,11682,13253,13457
14226,15576,15011,14784,15642,11437,10754,11295,11224,11394,5198,0,5695,8639,4638,13202,13555,16345,14299,12052,13415,11308,10998,12831,12212,12450,13128,13437,13185,14261
18864,19742,17944,18924,19699,15220,13704,15034,13726,15164,7598,5695,0,9022,4853,16120,15650,17486,16708,14765,16315,13386,15298,15129,16778,15453,15471,16765,17116,18616
19095,18356,17283,18047,18977,14068,14914,13774,14823,14399,5215,8639,9022,0,8305,14873,14377,17241,15535,12918,16278,13138,14612,13859,15618,14234,14715,15247,16819,16891
17603,18830,17742,17530,19140,13303,12799,14011,13438,13356,5869,4638,4853,8305,0,14729,14089,17518,15559,13517,15961,12664,13320,14884,15072,13531,13870,14934,15075,16897
11416,11264,11406,10296,11417,8969,8102,7737,7839,7220,13301,13202,16120,14873,14729,0,5773,5640,7511,7591,9669,8051,9455,7730,9418,8412,7940,9048,8324,8604
12829,12964,11969,11645,13627,7605,10024,9640,9363,9080,12310,13555,15650,14377,14089,5773,0,7431,5417,6811,10321,7792,9254,8101,10113,6991,7518,7660,8015,8952
12628,14175,13794,12468,13867,10726,10291,10511,9344,9886,15334,16345,17486,17241,17518,5640,7431,0,8527,8933,10764,8701,10773,9577,10993,10317,10595,10401,9200,10296
13363,14689,13676,13152,14879,10683,10523,11618,10770,11075,12873,14299,16708,15535,15559,7511,5417,8527,0,7226,11529,8822,9932,9759,11100,9129,9600,9385,9298,9728
9815,11120,10197,9792,11029,7595,6863,7910,6681,7184,11219,12052,14765,12918,13517,7591,6811,8933,7226,0,8265,5573,7042,7412,8528,6874,6419,7375,6209,7254
6287,7009,6884,5892,6962,8778,6016,6478,6295,7704,14534,13415,16315,16278,15961,9669,10321,10764,11529,8265,0,4270,4210,2901,3724,6928,6153,6570,4907,5420
7296,8831,8158,7476,8430,7105,4868,6422,5265,6471,11571,11308,13386,13138,12664,8051,7792,8701,8822,5573,4270,0,3726,3978,4494,5630,5826,5247,3907,5343
6347,8457,7024,6911,7933,7512,5695,7090,6550,7543,11740,10998,15298,14612,13320,9455,9254,10773,9932,7042,4210,3726,0,4022,1922,6341,5576,5057,5191,4998
8065,6825,6473,5687,6966,7127,6393,5986,6295,6295,12568,12831,15129,13859,14884,7730,8101,9577,9759,7412,2901,3978,4022,0,3494,5790,4685,5401,4935,5142
6497,7638,6765,6169,7367,7524,6630,7181,7040,7710,12784,12212,16778,15618,15072,9418,10113,10993,11100,8528,3724,4494,1922,3494,0,6945,5964,5536,5822,5113
8857,8937,8236,7342,9317,5639,6597,6591,6658,7015,12046,12450,15453,14234,13531,8412,6991,10317,9129,6874,6928,5630,6341,5790,6945,0,4639,3835,4471,4602
9044,8286,7113,6950,8636,6390,6458,5738,6083,6125,12014,13128,15471,14715,13870,7940,7518,10595,9600,6419,6153,5826,5576,4685,5964,4639,0,4312,4459,4648
10290,10124,8397,7810,10122,6458,7055,7487,6800,7711,11682,13437,16765,15247,14934,9048,7660,10401,9385,7375,6570,5247,5057,5401,5536,3835,4312,0,4044,3783
6457,8432,8000,6864,8134,6707,4355,5874,4772,6242,13253,13185,17116,16819,15075,8324,8015,9200,9298,6209,4907,3907,5191,4935,5822,4471,4459,4044,0,2777
7315,8279,7749,6435,7982,7252,5489,6084,6045,6883,13457,14261,18616,16891,16897,8604,8952,10296,9728,7254,5420,5343,4998,5142,5113,4602,4648,3783,2777,0
,,,,,,,,,,,,,,,,,,,,,,,,,,,,,
,,,,,,,,,,,,,,,,,,,,,,,,,,,,,
, error,,,,,,,,,,,,,,,,,,,,,,,,,,,,
,bingo,,,,,,,,,,,,,,,,,,,,,,,,,,,,
